1758459875540 0.0 9
1758459876851 0.0 19
1758459878202 0.0 29
1758459879513 0.0 39
1758459880818 0.0 49
1758459882118 0.0 59
1758459883481 0.0 69
1758459884786 0.0 79
1758459886109 0.0 89
1758459887417 0.0 99
1758459888783 0.0 109
1758459890128 0.0 119
1758459891712 0.0 129
1758459893157 0.0 139
1758459894461 0.0 149
1758459895767 0.0 159
1758459897072 0.0 169
1758459898374 0.0 179
1758459899742 0.0 189
1758459901034 0.0 199
1758459902351 0.0 209
1758459903632 0.0 219
1758459904935 0.0 229
1758459906292 0.0 239
1758459907631 0.0 249
1758459908947 0.0 259
1758459910277 0.0 269
1758459911570 0.0 279
1758459912856 0.0 289
1758459914180 0.0 299
1758459915537 0.0 309
1758459916813 0.0 319
1758459918086 0.0 329
1758459919363 0.0 339
1758459920640 0.0 349
1758459921908 0.0 359
1758459923176 0.0 369
1758459924441 0.0 379
1758459925713 0.0 389
1758459926987 0.0 399
1758459928265 0.0 409
1758459929540 0.0 419
1758459930823 0.0 429
1758459932092 0.0 439
1758459933361 0.0 449
1758459934634 0.0 459
1758459935893 0.0 469
1758459937159 0.0 479
1758459938451 0.0 489
1758459939727 0.0 499
1758459940995 0.0 509
1758459942372 0.0 519
1758459943807 0.0 529
1758459945196 0.0 539
1758459946556 0.0 549
1758459947976 0.0 559
1758459949328 0.0 569
1758459950643 0.0 579
1758459951957 0.0 589
1758459953270 0.0 599
1758459954569 0.0 609
1758459955885 0.0 619
1758459957296 0.0 629
1758459958680 0.0 639
1758459960068 0.0 649
1758459961440 0.0 659
1758459962798 0.0 669
1758459964149 0.0 679
1758459965504 0.0 689
1758459966939 0.0 699
1758459968329 0.0 709
1758459969715 0.0 719
1758459971132 0.0 729
1758459972471 0.0 739
1758459973851 0.0 749
1758459975244 0.0 759
1758459976614 0.0 769
1758459977977 0.0 779
1758459979347 0.0 789
1758459980700 0.0 799
1758459982059 0.0 809
1758459983415 0.0 819
1758459984771 0.0 829
1758459986121 0.0 839
1758459987483 0.0 849
1758459988845 0.0 859
1758459990198 0.0 869
1758459991546 0.0 879
1758459992880 0.0 889
1758459994216 0.0 899
1758459995557 0.0 909
1758459996924 0.0 919
1758459998291 0.0 929
1758459999679 0.0 939
1758460001074 0.0 949
1758460002427 0.0 959
1758460003791 0.0 969
1758460005156 0.0 979
1758460006504 0.0 989
1758460007844 0.0 999
1758460009183 0.0 1009
1758460010522 0.0 1019
1758460011855 0.0 1029
1758460013191 0.0 1039
1758460014527 0.0 1049
1758460015879 0.0 1059
1758460017244 0.0 1069
1758460018609 0.0 1079
1758460019969 0.0 1089
1758460021335 0.0 1099
1758460022694 0.0 1109
1758460024051 0.0 1119
1758460025414 0.0 1129
1758460026781 0.0 1139
1758460028142 0.0 1149
1758460029505 0.0 1159
1758460030874 0.0 1169
1758460032219 0.0 1179
1758460033559 0.0 1189
1758460034937 0.0 1199
1758460036398 0.0 1209
1758460037808 0.0 1219
1758460039182 0.0 1229
1758460040541 0.0 1239
1758460041888 0.0 1249
1758460043245 0.0 1259
1758460044616 0.0 1269
1758460045980 0.0 1279
1758460047351 0.0 1289
1758460048715 0.0 1299
1758460050083 0.0 1309
1758460051440 0.0 1319
1758460052810 0.0 1329
1758460054200 0.0 1339
1758460055600 0.0 1349
1758460056946 0.0 1359
1758460058293 0.0 1369
1758460059654 0.0 1379
1758460061014 0.0 1389
1758460062360 0.0 1399
1758460063719 0.0 1409
1758460065095 0.0 1419
1758460066466 0.0 1429
1758460067830 0.0 1439
1758460069191 0.0 1449
1758460070568 0.0 1459
1758460071930 0.0 1469
1758460073289 0.0 1479
1758460074662 0.0 1489
1758460076021 0.0 1499
1758460077379 0.0 1509
1758460078742 0.0 1519
1758460080104 0.0 1529
1758460081460 0.0 1539
1758460082805 0.0 1549
1758460084227 0.0 1559
1758460085612 0.0 1569
1758460086977 0.0 1579
1758460088332 0.0 1589
1758460089711 0.0 1599
1758460091119 0.0 1609
1758460092533 0.0 1619
1758460093914 0.0 1629
1758460095334 0.0 1639
1758460096750 0.0 1649
1758460098156 0.0 1659
1758460099496 0.0 1669
1758460100815 0.0 1679
1758460102124 0.0 1689
1758460103433 0.0 1699
1758460104742 0.0 1709
1758460106044 0.0 1719
1758460107370 0.0 1729
1758460108680 0.0 1739
1758460109999 0.0 1749
1758460111309 0.0 1759
1758460112613 0.0 1769
1758460113920 0.0 1779
1758460115228 0.0 1789
1758460116546 0.0 1799
1758460117852 0.0 1809
1758460119159 0.0 1819
1758460120479 0.0 1829
1758460121783 0.0 1839
1758460123090 0.0 1849
1758460124409 0.0 1859
1758460125727 0.0 1869
1758460127036 0.0 1879
1758460128351 0.0 1889
1758460129682 0.0 1899
1758460131003 0.0 1909
1758460132365 0.0 1919
1758460133686 0.0 1929
1758460134995 0.0 1939
1758460136298 0.0 1949
1758460137614 0.0 1959
1758460138924 0.0 1969
1758460140236 0.0 1979
1758460141552 0.0 1989
1758460142868 0.0 1999
1758460144177 0.0 2009
1758460145503 0.0 2019
1758460146873 0.0 2029
1758460148198 0.0 2039
1758460149527 0.0 2049
