1758459875540 6.628737926483154 9
1758459876851 2.4518167972564697 19
1758459878202 1.8250759840011597 29
1758459879513 1.7815039157867432 39
1758459880818 1.5663235187530518 49
1758459882118 1.4499784708023071 59
1758459883481 2.1745810508728027 69
1758459884786 1.342833161354065 79
1758459886109 0.9470328092575073 89
1758459887417 1.2476612329483032 99
1758459888783 0.8763377666473389 109
1758459890128 1.0422873497009277 119
1758459891712 1.3030644655227661 129
1758459893157 1.3670662641525269 139
1758459894461 0.9051690697669983 149
1758459895767 0.8384582996368408 159
1758459897072 0.9697532057762146 169
1758459898374 0.6584559679031372 179
1758459899742 1.2969045639038086 189
1758459901034 0.7805919051170349 199
1758459902351 1.3871166706085205 209
1758459903632 1.2099858522415161 219
1758459904935 0.9015093445777893 229
1758459906292 1.105323314666748 239
1758459907631 0.6781167984008789 249
1758459908947 0.8470869660377502 259
1758459910277 0.8809017539024353 269
1758459911570 0.6762185096740723 279
1758459912856 0.736081600189209 289
1758459914180 1.0117720365524292 299
1758459915537 1.181732177734375 309
1758459916813 0.7012189626693726 319
1758459918086 0.6616215705871582 329
1758459919363 0.830985963344574 339
1758459920640 0.6023941040039062 349
1758459921908 0.7116790413856506 359
1758459923176 0.730628490447998 369
1758459924441 0.5336802005767822 379
1758459925713 0.46301406621932983 389
1758459926987 0.9796433448791504 399
1758459928265 0.8544440865516663 409
1758459929540 0.49167799949645996 419
1758459930823 0.6810449361801147 429
1758459932092 0.5139586329460144 439
1758459933361 0.5314785838127136 449
1758459934634 0.7865245938301086 459
1758459935893 0.9835066199302673 469
1758459937159 0.6284874081611633 479
1758459938451 0.665097177028656 489
1758459939727 0.7488519549369812 499
1758459940995 0.49090883135795593 509
1758459942372 0.5090943574905396 519
1758459943807 0.5611640214920044 529
1758459945196 0.4856787919998169 539
1758459946556 0.8102085590362549 549
1758459947976 0.8350195288658142 559
1758459949328 0.9508419632911682 569
1758459950643 0.5020146369934082 579
1758459951957 0.6980718374252319 589
1758459953270 0.5595651865005493 599
1758459954569 0.5715787410736084 609
1758459955885 0.7234897613525391 619
1758459957296 0.5756210684776306 629
1758459958680 0.5091361403465271 639
1758459960068 0.48147067427635193 649
1758459961440 0.93703693151474 659
1758459962798 0.646493136882782 669
1758459964149 0.553840160369873 679
1758459965504 1.0279197692871094 689
1758459966939 0.7238050699234009 699
1758459968329 0.7683990001678467 709
1758459969715 0.4347863495349884 719
1758459971132 0.5470318794250488 729
1758459972471 1.0548096895217896 739
1758459973851 0.4805794358253479 749
1758459975244 0.4925175607204437 759
1758459976614 0.39775630831718445 769
1758459977977 0.5850453972816467 779
1758459979347 0.4520203173160553 789
1758459980700 1.2958568334579468 799
1758459982059 0.46190106868743896 809
1758459983415 0.3584510087966919 819
1758459984771 0.6503141522407532 829
1758459986121 0.5689131617546082 839
1758459987483 1.2605255842208862 849
1758459988845 0.4440198540687561 859
1758459990198 0.7260134816169739 869
1758459991546 0.2932394742965698 879
1758459992880 0.5347718000411987 889
1758459994216 0.6581427454948425 899
1758459995557 0.6267086267471313 909
1758459996924 0.4048266112804413 919
1758459998291 0.6083027124404907 929
1758459999679 0.4118861258029938 939
1758460001074 0.4300864040851593 949
1758460002427 0.867164134979248 959
1758460003791 0.692025899887085 969
1758460005156 0.9671276807785034 979
1758460006504 0.717575192451477 989
1758460007844 0.8281043171882629 999
1758460009183 0.8217540979385376 1009
1758460010522 0.8033870458602905 1019
1758460011855 0.9910328388214111 1029
1758460013191 0.6743593811988831 1039
1758460014527 0.4515972137451172 1049
1758460015879 0.6480206847190857 1059
1758460017244 0.3812529146671295 1069
1758460018609 0.9534583687782288 1079
1758460019969 0.7611599564552307 1089
1758460021335 0.7075341939926147 1099
1758460022694 0.6483566761016846 1109
1758460024051 0.4815019965171814 1119
1758460025414 0.622860312461853 1129
1758460026781 0.4103196859359741 1139
1758460028142 0.473959356546402 1149
1758460029505 1.1215555667877197 1159
1758460030874 0.6588473320007324 1169
1758460032219 0.4682874083518982 1179
1758460033559 0.3459036350250244 1189
1758460034937 0.4278290569782257 1199
1758460036398 0.43585121631622314 1209
1758460037808 0.3205878734588623 1219
1758460039182 0.6661795377731323 1229
1758460040541 0.5657567977905273 1239
1758460041888 0.429050475358963 1249
1758460043245 0.48036128282546997 1259
1758460044616 0.7678809762001038 1269
1758460045980 0.7747905254364014 1279
1758460047351 0.678244411945343 1289
1758460048715 0.7479703426361084 1299
1758460050083 1.0972779989242554 1309
1758460051440 1.3206523656845093 1319
1758460052810 0.305472195148468 1329
1758460054200 0.696657657623291 1339
1758460055600 0.430160254240036 1349
1758460056946 0.39963576197624207 1359
1758460058293 0.5544881820678711 1369
1758460059654 0.4684605598449707 1379
1758460061014 0.41719043254852295 1389
1758460062360 0.6543864011764526 1399
1758460063719 0.653708279132843 1409
1758460065095 0.31727075576782227 1419
1758460066466 0.6587003469467163 1429
1758460067830 0.2895919382572174 1439
1758460069191 0.571422815322876 1449
1758460070568 0.4657110869884491 1459
1758460071930 0.37772151827812195 1469
1758460073289 0.29417768120765686 1479
1758460074662 0.2970573306083679 1489
1758460076021 0.6303737759590149 1499
1758460077379 0.9938212633132935 1509
1758460078742 0.5147369503974915 1519
1758460080104 0.5019950866699219 1529
1758460081460 0.7433928847312927 1539
1758460082805 0.44658735394477844 1549
1758460084227 0.4606768488883972 1559
1758460085612 0.4732440710067749 1569
1758460086977 0.610170841217041 1579
1758460088332 0.46985045075416565 1589
1758460089711 0.3640998899936676 1599
1758460091119 0.6856911778450012 1609
1758460092533 0.5029228925704956 1619
1758460093914 0.36454716324806213 1629
1758460095334 0.7536118030548096 1639
1758460096750 0.524453341960907 1649
1758460098156 0.6148109436035156 1659
1758460099496 0.361359566450119 1669
1758460100815 0.5056813955307007 1679
1758460102124 0.573907196521759 1689
1758460103433 0.6372676491737366 1699
1758460104742 0.7242614030838013 1709
1758460106044 0.7100415825843811 1719
1758460107370 0.4064757227897644 1729
1758460108680 0.30083033442497253 1739
1758460109999 0.612858772277832 1749
1758460111309 0.4355217218399048 1759
1758460112613 0.3749817907810211 1769
1758460113920 0.5291719436645508 1779
1758460115228 0.5457257032394409 1789
1758460116546 0.6670421957969666 1799
1758460117852 0.4469252824783325 1809
1758460119159 1.046631932258606 1819
1758460120479 0.6768114566802979 1829
1758460121783 0.7520920038223267 1839
1758460123090 0.5128973722457886 1849
1758460124409 0.9100895524024963 1859
1758460125727 0.4869600236415863 1869
1758460127036 1.1319407224655151 1879
1758460128351 0.5591323375701904 1889
1758460129682 0.5352962613105774 1899
1758460131003 0.4230801463127136 1909
1758460132365 0.7875077128410339 1919
1758460133686 0.4514865279197693 1929
1758460134995 0.29660168290138245 1939
1758460136298 0.5969040393829346 1949
1758460137614 1.0036014318466187 1959
1758460138924 0.5362970232963562 1969
1758460140236 0.46954816579818726 1979
1758460141552 0.45537400245666504 1989
1758460142868 0.37388303875923157 1999
1758460144177 0.5351898670196533 2009
1758460145503 0.2790200412273407 2019
1758460146873 0.7035013437271118 2029
1758460148198 0.7702013254165649 2039
1758460149527 0.2822551429271698 2049
1758460150904 0.8934044241905212 2059
1758460152231 0.5957300066947937 2069
1758460153534 0.5011093020439148 2079
1758460154859 1.4148244857788086 2089
1758460156185 0.32208186388015747 2099
1758460157554 0.6498262286186218 2109
1758460158887 0.565020740032196 2119
1758460160215 0.5634388327598572 2129
1758460161537 0.8235092759132385 2139
1758460162867 0.7463533282279968 2149
1758460164187 0.4059126079082489 2159
1758460165490 0.6393545866012573 2169
1758460166845 0.6214099526405334 2179
1758460168248 0.5182684659957886 2189
1758460169568 0.35875973105430603 2199
1758460170906 0.41477179527282715 2209
1758460172266 0.5714029669761658 2219
1758460173693 0.6306387186050415 2229
1758460175093 0.3852947950363159 2239
1758460176472 0.4379291534423828 2249
1758460177885 0.45634040236473083 2259
1758460179266 0.754250168800354 2269
1758460180612 0.2602989375591278 2279
1758460181998 0.5143296718597412 2289
1758460183394 0.5970639586448669 2299
1758460184771 0.577417254447937 2309
1758460186130 0.484916627407074 2319
1758460187466 0.3494214713573456 2329
1758460188814 0.44566231966018677 2339
1758460190157 0.7849250435829163 2349
1758460191502 0.3847758173942566 2359
1758460192846 0.5282569527626038 2369
1758460194181 0.5057071447372437 2379
1758460195516 0.5223545432090759 2389
1758460196858 0.4492509663105011 2399
1758460198207 0.9597434997558594 2409
1758460199552 0.3696044087409973 2419
1758460200901 0.45388346910476685 2429
1758460202294 0.37461480498313904 2439
1758460203637 0.8613099455833435 2449
1758460204984 0.5197028517723083 2459
1758460206325 0.7012745141983032 2469
1758460207672 0.5123330354690552 2479
1758460221127 0.42357137799263 2489
1758460222469 0.22089628875255585 2499
1758460223821 0.7351566553115845 2509
1758460225186 0.6911962628364563 2519
1758460226542 0.6272500157356262 2529
1758460227905 0.7249925136566162 2539
1758460229264 0.4243045449256897 2549
1758460230629 0.6772019267082214 2559
1758460231976 0.24262569844722748 2569
1758460233338 0.31085559725761414 2579
1758460234707 0.34687539935112 2589
1758460236068 0.8715373277664185 2599
1758460237428 0.391374409198761 2609
1758460238786 0.6560317277908325 2619
1758460240136 0.23823918402194977 2629
1758460241491 0.5669296383857727 2639
1758460242844 0.46099674701690674 2649
1758460244197 0.399550199508667 2659
1758460245541 0.44449669122695923 2669
1758460246885 0.41255733370780945 2679
1758460248226 0.5683384537696838 2689
1758460249578 0.7049967646598816 2699
1758460250929 0.48462456464767456 2709
1758460252281 0.5278196334838867 2719
1758460253647 0.5382257699966431 2729
1758460254992 0.3688901960849762 2739
1758460256337 0.5099431872367859 2749
1758460257680 0.5601614117622375 2759
1758460259029 0.7211549282073975 2769
1758460260387 0.8563328981399536 2779
1758460261736 0.5671828985214233 2789
1758460263087 0.719057559967041 2799
1758460264443 0.46095865964889526 2809
1758460265801 0.3859524428844452 2819
1758460267156 0.6122689843177795 2829
1758460268512 0.4514078199863434 2839
1758460269874 0.5028655529022217 2849
1758460271227 0.7479568123817444 2859
1758460272658 0.5050609111785889 2869
1758460274087 0.6141934990882874 2879
1758460275454 0.3129308223724365 2889
1758460276801 0.6412745714187622 2899
1758460278146 0.5839223861694336 2909
1758460279494 0.7444913387298584 2919
1758460280860 0.6751118898391724 2929
1758460282238 0.4252752363681793 2939
1758460283609 0.5160140991210938 2949
1758460284975 0.7031707763671875 2959
1758460286330 0.6480225324630737 2969
1758460287682 0.44251346588134766 2979
1758460289039 0.7132335305213928 2989
1758460290387 0.4432178735733032 2999
1758460291785 0.6804962158203125 3009
1758460293151 0.20666615664958954 3019
1758460294503 0.3918578028678894 3029
1758460295872 0.4139280915260315 3039
1758460297235 0.8644014000892639 3049
1758460298556 0.8512779474258423 3059
1758460299890 0.625353991985321 3069
1758460301225 0.459799587726593 3079
1758460302628 0.31965935230255127 3089
1758460303977 0.4399092197418213 3099
1758460305328 0.5838534235954285 3109
1758460306676 0.4562681019306183 3119
1758460308062 0.35248270630836487 3129
1758460309435 0.37701091170310974 3139
1758460310815 0.4481237530708313 3149
1758460312172 0.4839811325073242 3159
1758460313523 0.6078676581382751 3169
1758460314892 0.5401839017868042 3179
1758460316314 0.5313403606414795 3189
1758460317674 0.2749633193016052 3199
1758460319034 0.2853434979915619 3209
1758460320381 0.5212587118148804 3219
1758460321743 0.6696668863296509 3229
1758460323098 0.22424718737602234 3239
1758460324445 0.5169486403465271 3249
1758460325789 0.7184624671936035 3259
1758460327130 0.4397858679294586 3269
1758460328481 0.6328842043876648 3279
1758460329825 0.4818253815174103 3289
1758460331174 0.28104010224342346 3299
1758460332514 0.4220485985279083 3309
1758460333866 0.36113184690475464 3319
1758460335204 0.3396102786064148 3329
1758460336545 0.26057180762290955 3339
1758460337892 0.38852912187576294 3349
1758460339248 0.6892252564430237 3359
1758460340607 0.30149123072624207 3369
1758460341980 0.3689224421977997 3379
1758460343349 0.48156261444091797 3389
1758460344721 0.7095547914505005 3399
1758460346081 0.5776505470275879 3409
1758460347441 0.63448166847229 3419
1758460348803 0.9132304191589355 3429
1758460350154 0.40435928106307983 3439
1758460351510 0.504431962966919 3449
1758460352878 0.9075197577476501 3459
1758460354255 0.370979368686676 3469
1758460355638 0.5466118454933167 3479
1758460357003 0.4728521406650543 3489
1758460358358 0.31775185465812683 3499
1758460359726 0.4238858222961426 3509
1758460361099 0.6114609241485596 3519
1758460362518 0.3100230395793915 3529
1758460363940 0.3879684805870056 3539
1758460365296 0.6949149966239929 3549
1758460366630 0.457833468914032 3559
1758460367965 0.4018666446208954 3569
1758460369299 0.39704787731170654 3579
1758460370666 0.39584508538246155 3589
1758460372004 0.35122448205947876 3599
1758460373347 0.4275183379650116 3609
1758460374685 0.37087568640708923 3619
1758460376027 0.8789904117584229 3629
1758460377368 0.24951353669166565 3639
1758460378710 0.401867538690567 3649
1758460380050 0.4768349230289459 3659
1758460381400 0.2543407380580902 3669
1758460382751 0.48570534586906433 3679
1758460384093 0.5296309590339661 3689
1758460385438 0.7652789950370789 3699
1758460386784 0.45388203859329224 3709
1758460388130 0.4548507630825043 3719
1758460389483 0.5345388650894165 3729
1758460390827 0.35331329703330994 3739
1758460392175 0.3315524160861969 3749
1758460393511 0.49934542179107666 3759
1758460394851 0.3260544240474701 3769
1758460396189 0.4388498067855835 3779
1758460397528 0.5245880484580994 3789
1758460398864 0.24043434858322144 3799
1758460400197 0.5019704103469849 3809
1758460401536 0.4304434061050415 3819
1758460402879 0.5979704856872559 3829
1758460404219 0.4355798065662384 3839
1758460405560 0.6024056673049927 3849
1758460406901 0.3391275703907013 3859
1758460408245 0.5297760963439941 3869
1758460409592 0.9779953956604004 3879
1758460410968 0.7937663197517395 3889
1758460412338 0.3434208631515503 3899
1758460413707 0.7259522080421448 3909
1758460415081 0.35505712032318115 3919
1758460416452 0.49455875158309937 3929
1758460417822 0.3676663339138031 3939
1758460419199 0.44472020864486694 3949
1758460420562 0.38065817952156067 3959
1758460421908 0.32602283358573914 3969
1758460423250 0.6121693253517151 3979
1758460424596 0.7078707814216614 3989
1758460425941 0.3885962665081024 3999
1758460427293 0.24519795179367065 4009
1758460428646 0.5361418128013611 4019
1758460429999 0.47657686471939087 4029
1758460431345 0.9206712245941162 4039
1758460432681 0.34984657168388367 4049
1758460434019 0.6379215121269226 4059
1758460435376 0.3692547082901001 4069
1758460436721 0.6347864866256714 4079
1758460438066 0.3254453241825104 4089
1758460439411 0.8369985818862915 4099
1758460440755 0.4208654761314392 4109
1758460442112 0.20452506840229034 4119
1758460443479 0.44431179761886597 4129
1758460444847 1.0219382047653198 4139
1758460446197 0.5182636380195618 4149
1758460447537 0.4420137405395508 4159
1758460448890 0.3441280722618103 4169
1758460450228 0.5463712215423584 4179
1758460451579 0.5699484944343567 4189
1758460452928 0.4879944324493408 4199
1758460454282 0.5144525766372681 4209
1758460455623 0.5354631543159485 4219
1758460456970 0.6348792910575867 4229
1758460458314 0.345776230096817 4239
1758460459670 0.5701174139976501 4249
1758460461015 0.5762088894844055 4259
1758460462374 0.8600024580955505 4269
1758460463736 0.2514989376068115 4279
1758460465099 0.2790133059024811 4289
1758460466452 0.51531583070755 4299
1758460467789 0.4174792766571045 4309
1758460469136 0.3015996813774109 4319
1758460470483 0.5201558470726013 4329
1758460471825 0.528557300567627 4339
1758460473176 0.29744452238082886 4349
1758460474523 0.3650868535041809 4359
1758460475881 0.4848361313343048 4369
1758460477230 0.429168164730072 4379
1758460478569 0.5754743814468384 4389
1758460480023 0.47970137000083923 4399
1758460481403 0.3635287284851074 4409
1758460482765 0.497994601726532 4419
1758460484183 0.21522028744220734 4429
1758460485538 0.5547982454299927 4439
1758460486916 0.6326632499694824 4449
1758460488285 0.3224441111087799 4459
1758460489650 0.3112609088420868 4469
1758460491001 0.38213667273521423 4479
1758460492380 0.3444138467311859 4489
1758460493760 0.40266790986061096 4499
1758460495140 0.41746073961257935 4509
1758460496514 0.3477175533771515 4519
1758460497896 0.4633069932460785 4529
1758460499242 0.32025983929634094 4539
1758460500604 0.7537697553634644 4549
1758460501991 0.3610478639602661 4559
1758460503370 0.488233745098114 4569
1758460504738 0.3250586986541748 4579
1758460506114 0.2534458041191101 4589
1758460507492 0.23036687076091766 4599
1758460508879 0.7344303131103516 4609
1758460510267 0.4575144052505493 4619
1758460511645 0.6872393488883972 4629
1758460513021 0.5456047058105469 4639
1758460514374 0.3089621067047119 4649
1758460515737 0.4154828190803528 4659
1758460517108 0.29570555686950684 4669
1758460518474 0.6217048168182373 4679
1758460519849 0.5009338855743408 4689
1758460521208 0.28440728783607483 4699
1758460522565 0.33988234400749207 4709
1758460523912 0.36305510997772217 4719
1758460525292 0.44101202487945557 4729
1758460526657 0.3225022554397583 4739
1758460528037 0.23698025941848755 4749
1758460529427 0.552794337272644 4759
1758460530805 0.3638041317462921 4769
1758460532157 0.7139077186584473 4779
1758460533507 0.17656230926513672 4789
1758460534928 0.3097562789916992 4799
1758460536279 0.2942940294742584 4809
1758460537642 0.6353210210800171 4819
1758460539004 0.3351837694644928 4829
1758460540351 0.6408012509346008 4839
1758460541695 0.6004911661148071 4849
1758460543034 0.4742450714111328 4859
1758460544462 0.4024643898010254 4869
1758460545839 0.2163865864276886 4879
1758460547226 0.3967845141887665 4889
1758460548623 0.2776772677898407 4899
1758460550009 0.6758984923362732 4909
1758460551451 0.2422439157962799 4919
1758460552805 0.33918455243110657 4929
1758460554156 0.386650025844574 4939
1758460555500 0.5184149146080017 4949
1758460556850 0.3678082525730133 4959
1758460558153 0.27513018250465393 4969
1758460571448 0.8411809802055359 4979
1758460572800 0.18023905158042908 4989
1758460574136 0.29139891266822815 4999
1758460575473 0.41101351380348206 5009
1758460576809 0.6216368079185486 5019
1758460578152 0.17976582050323486 5029
1758460579496 0.5368428230285645 5039
1758460580832 0.3035563826560974 5049
1758460582275 0.2683420479297638 5059
1758460583643 0.5858715176582336 5069
1758460584992 0.3006442189216614 5079
1758460586339 0.36447110772132874 5089
1758460587690 0.565102756023407 5099
1758460589036 0.38251203298568726 5109
1758460590382 0.6435579061508179 5119
1758460591723 0.5304491519927979 5129
1758460593069 0.2311718463897705 5139
1758460594417 0.34778815507888794 5149
1758460595782 0.13231970369815826 5159
1758460597174 0.8687107563018799 5169
1758460598513 0.4754682183265686 5179
1758460599859 0.5024192333221436 5189
1758460601214 0.8704686164855957 5199
1758460602554 0.7598841190338135 5209
1758460603890 0.5344074964523315 5219
1758460605226 0.6593106389045715 5229
1758460606564 0.545693576335907 5239
1758460607914 0.5074866414070129 5249
1758460609262 0.24995006620883942 5259
1758460610605 0.35589566826820374 5269
1758460611940 0.628597617149353 5279
1758460613285 0.49438613653182983 5289
1758460614632 0.5203714370727539 5299
1758460615986 0.23292754590511322 5309
1758460617338 0.30297476053237915 5319
1758460618683 0.43157467246055603 5329
1758460620021 0.5420477986335754 5339
1758460621364 0.4936375319957733 5349
1758460622776 0.2994420528411865 5359
1758460624146 0.5254510641098022 5369
1758460625551 0.27079591155052185 5379
1758460626941 0.8359417915344238 5389
1758460628292 0.5188073515892029 5399
1758460629644 0.558540403842926 5409
1758460630984 0.3637527823448181 5419
1758460632324 0.47354191541671753 5429
1758460633663 0.3460431396961212 5439
1758460635000 0.5641722679138184 5449
1758460636341 0.3816224932670593 5459
1758460637679 0.6255341172218323 5469
1758460639017 0.18926285207271576 5479
1758460640374 0.38360971212387085 5489
1758460641716 0.39259469509124756 5499
1758460643075 0.6537110209465027 5509
1758460644457 0.4124608635902405 5519
1758460645822 0.6745758056640625 5529
1758460647188 0.9152539372444153 5539
1758460648552 0.1807718276977539 5549
1758460649919 0.28879278898239136 5559
1758460651300 0.4012276828289032 5569
1758460652690 0.4275534152984619 5579
1758460654043 0.19382984936237335 5589
1758460655399 0.2515387237071991 5599
1758460656759 0.6900277733802795 5609
1758460658118 0.454811155796051 5619
1758460659466 0.372730016708374 5629
1758460660819 0.3674800395965576 5639
1758460662198 0.515558123588562 5649
1758460663553 0.39638081192970276 5659
1758460664905 0.44141432642936707 5669
1758460666244 0.18139925599098206 5679
1758460667592 0.4155270755290985 5689
1758460669027 0.7381328344345093 5699
1758460670430 0.2704814672470093 5709
1758460671790 0.4430555999279022 5719
1758460673170 0.5520382523536682 5729
1758460674563 0.5591417551040649 5739
1758460675924 0.42177626490592957 5749
1758460677297 0.8610742688179016 5759
1758460678679 0.85494464635849 5769
1758460680062 0.16979682445526123 5779
1758460681475 0.16881991922855377 5789
1758460682891 0.44847536087036133 5799
1758460684280 0.5577014088630676 5809
1758460685671 0.45366424322128296 5819
1758460687057 0.43844670057296753 5829
1758460688434 0.3598274290561676 5839
1758460689803 0.5077985525131226 5849
1758460691181 0.41933998465538025 5859
1758460692553 0.6136691570281982 5869
1758460693925 0.6353223323822021 5879
1758460695308 0.2953534424304962 5889
1758460696681 0.4477992355823517 5899
1758460698032 0.9585800766944885 5909
1758460699384 0.46600019931793213 5919
1758460700754 0.36672431230545044 5929
1758460702105 0.2289496809244156 5939
1758460703445 0.4523480236530304 5949
1758460704794 0.6128056645393372 5959
1758460706138 0.7221559286117554 5969
1758460707485 0.652511715888977 5979
1758460708835 0.30879250168800354 5989
1758460710198 0.5125352144241333 5999
1758460711545 0.5507391095161438 6009
1758460712906 0.2034795880317688 6019
1758460714257 0.2190915048122406 6029
1758460715612 0.49833253026008606 6039
1758460716957 0.4333721697330475 6049
1758460718303 0.3738648593425751 6059
1758460719734 0.3336896598339081 6069
1758460721080 0.5949354767799377 6079
1758460722429 0.4031699299812317 6089
1758460723776 0.5274746417999268 6099
1758460725128 0.5463682413101196 6109
1758460726474 0.5080553293228149 6119
1758460727812 0.35731571912765503 6129
1758460729147 0.4319533109664917 6139
1758460730486 0.313662588596344 6149
1758460731825 0.38089168071746826 6159
1758460733167 0.5139861702919006 6169
1758460734514 0.5732061862945557 6179
1758460735855 0.6469488739967346 6189
1758460737197 0.3243359923362732 6199
1758460738550 0.48173820972442627 6209
1758460739900 0.36330336332321167 6219
1758460741254 0.2895658314228058 6229
1758460742606 0.29294729232788086 6239
1758460743958 0.49028488993644714 6249
1758460745307 0.3990907669067383 6259
1758460746660 0.3463304042816162 6269
1758460748001 0.392943412065506 6279
1758460749347 0.36523619294166565 6289
1758460750692 0.4295840859413147 6299
1758460752035 0.35714977979660034 6309
1758460753386 0.5034027099609375 6319
1758460754734 0.21853046119213104 6329
1758460756076 0.5002492070198059 6339
1758460757423 0.6870060563087463 6349
1758460758851 0.44644254446029663 6359
1758460760195 0.6424157023429871 6369
1758460761535 0.8204420804977417 6379
1758460762917 0.32797297835350037 6389
1758460764285 0.3713897168636322 6399
1758460765656 0.465292751789093 6409
1758460767019 0.4941737651824951 6419
1758460768385 0.3792050778865814 6429
1758460769759 0.4660169184207916 6439
1758460771123 0.9040834903717041 6449
1758460772466 0.35933828353881836 6459
1758460773845 0.4766545593738556 6469
1758460775218 0.32848912477493286 6479
1758460776586 0.48732492327690125 6489
1758460777956 0.4529955983161926 6499
1758460779332 0.4700883626937866 6509
1758460780703 0.3281736969947815 6519
1758460782062 0.45043960213661194 6529
1758460783437 0.30777350068092346 6539
1758460784779 0.2676070034503937 6549
1758460786146 0.33746016025543213 6559
1758460787522 0.47895389795303345 6569
1758460788894 0.7802833318710327 6579
1758460790272 0.26844802498817444 6589
1758460791641 0.378251314163208 6599
1758460793009 0.14532430469989777 6609
1758460794362 0.5953797101974487 6619
1758460795714 0.32469725608825684 6629
1758460797060 0.23259033262729645 6639
1758460798411 0.6007187962532043 6649
1758460799779 0.5059440732002258 6659
1758460801169 0.5159567594528198 6669
1758460802546 0.22684848308563232 6679
1758460803900 0.3729568123817444 6689
1758460805247 0.3298463225364685 6699
1758460806670 0.4116843640804291 6709
1758460808034 0.4752923548221588 6719
1758460809383 0.29357969760894775 6729
1758460810728 0.5122864842414856 6739
1758460812078 0.4369848072528839 6749
1758460813419 0.363730251789093 6759
1758460814758 0.0879785344004631 6769
1758460816094 0.26144498586654663 6779
1758460817431 0.5268558859825134 6789
1758460818779 0.43404242396354675 6799
1758460820131 0.4231654703617096 6809
1758460821468 0.33875972032546997 6819
1758460822806 0.40779855847358704 6829
1758460824149 0.5916700959205627 6839
1758460825493 0.1740296632051468 6849
1758460826843 0.2706766128540039 6859
1758460828188 0.47036057710647583 6869
1758460829536 0.5517203211784363 6879
1758460830875 0.5270988941192627 6889
1758460832214 0.6145906448364258 6899
1758460833556 0.23571312427520752 6909
1758460834969 0.49906060099601746 6919
1758460836355 0.28123557567596436 6929
1758460837737 0.49268585443496704 6939
1758460839111 0.46010348200798035 6949
1758460840508 0.26620224118232727 6959
1758460841881 0.38581860065460205 6969
1758460843232 0.6239004135131836 6979
1758460844650 0.33784595131874084 6989
1758460846014 0.40922123193740845 6999
1758460847370 0.3760755956172943 7009
1758460848746 0.5730030536651611 7019
1758460850098 0.5135440826416016 7029
1758460851448 0.5680645704269409 7039
1758460852811 0.33505210280418396 7049
1758460854184 0.3074440062046051 7059
1758460855535 0.6581746339797974 7069
1758460856926 0.6121113300323486 7079
1758460858367 0.3429274559020996 7089
1758460859757 0.3442128896713257 7099
1758460861116 0.2905184030532837 7109
1758460862469 0.39227479696273804 7119
1758460863835 0.24658465385437012 7129
1758460865214 0.28876766562461853 7139
1758460866572 0.13070251047611237 7149
1758460867993 0.2527654469013214 7159
1758460869356 0.4969131350517273 7169
1758460870699 0.41887539625167847 7179
1758460872056 0.2792539894580841 7189
1758460873409 0.30569329857826233 7199
1758460874751 0.5359103679656982 7209
1758460876098 0.23497234284877777 7219
1758460877454 0.22133706510066986 7229
1758460878806 0.49687686562538147 7239
1758460880202 0.4264306426048279 7249
1758460881604 0.4749765694141388 7259
1758460882978 0.6189698576927185 7269
1758460884345 0.20288638770580292 7279
1758460885701 0.49629658460617065 7289
1758460887067 0.3177500069141388 7299
1758460888416 0.4733228087425232 7309
1758460889782 0.122573122382164 7319
1758460891148 0.43744900822639465 7329
1758460892502 0.304401159286499 7339
1758460893874 0.5867630243301392 7349
1758460895222 0.2099042683839798 7359
1758460896582 0.43563783168792725 7369
1758460897927 0.30302244424819946 7379
1758460899264 0.4668543040752411 7389
1758460900611 0.22174090147018433 7399
1758460901951 0.29935958981513977 7409
1758460903373 0.22339698672294617 7419
1758460904731 0.25842761993408203 7429
1758460906068 0.32590803503990173 7439
1758460907411 0.4332502484321594 7449
1758460920716 0.297599732875824 7459
1758460922067 0.7491592764854431 7469
1758460923412 0.48256245255470276 7479
1758460924754 0.2595536708831787 7489
1758460926094 0.5702607035636902 7499
1758460927434 0.6057004928588867 7509
1758460928775 0.23339326679706573 7519
1758460930119 0.3801127076148987 7529
1758460931462 0.3075298070907593 7539
1758460932806 0.8538495898246765 7549
1758460934148 0.4807983636856079 7559
1758460935491 0.1309179663658142 7569
1758460936831 0.34499895572662354 7579
1758460938180 0.31901106238365173 7589
1758460939556 0.5826056003570557 7599
1758460940927 0.6120809316635132 7609
1758460942293 0.23658634722232819 7619
1758460943652 0.34927406907081604 7629
1758460945013 0.2704363167285919 7639
1758460946368 0.39713940024375916 7649
1758460947715 0.36473187804222107 7659
1758460949066 0.28965264558792114 7669
1758460950420 0.32171761989593506 7679
1758460951767 0.7160969376564026 7689
1758460953135 0.3254460394382477 7699
1758460954491 0.2337292730808258 7709
1758460955835 0.515605628490448 7719
1758460957177 0.14055685698986053 7729
1758460958539 0.42115840315818787 7739
1758460959897 0.22729595005512238 7749
1758460961240 0.4874723255634308 7759
1758460962579 0.3538767695426941 7769
1758460963925 0.3424319326877594 7779
1758460965269 0.29678356647491455 7789
1758460966614 0.8984582424163818 7799
1758460967959 0.28589650988578796 7809
1758460969300 0.4533793032169342 7819
1758460970659 0.3526107966899872 7829
1758460972043 0.43619075417518616 7839
1758460973399 0.30735287070274353 7849
1758460974747 0.4829578399658203 7859
1758460976089 0.3622209429740906 7869
1758460977469 0.3700955808162689 7879
1758460978822 0.31304454803466797 7889
1758460980185 0.7391919493675232 7899
1758460981566 0.4286329448223114 7909
1758460982924 0.33383750915527344 7919
1758460984274 0.3360174596309662 7929
1758460985632 0.42882394790649414 7939
1758460986993 0.19379448890686035 7949
1758460988350 0.36856013536453247 7959
1758460989705 0.41416049003601074 7969
1758460991060 0.3084632158279419 7979
1758460992415 0.3494158387184143 7989
1758460993772 0.25412097573280334 7999
1758460995131 0.6941841244697571 8009
1758460996484 0.3341764509677887 8019
1758460997844 0.3319489061832428 8029
1758460999205 0.4229101240634918 8039
1758461000555 0.23615194857120514 8049
1758461001906 0.39391013979911804 8059
1758461003256 0.46274733543395996 8069
1758461004606 0.4944799542427063 8079
1758461005951 0.24114423990249634 8089
1758461007293 0.3509780466556549 8099
1758461008647 0.4398971498012543 8109
1758461010000 0.4396161139011383 8119
1758461011339 0.6797975897789001 8129
1758461012681 0.21538913249969482 8139
1758461014025 0.5871390104293823 8149
1758461015370 0.5973712801933289 8159
1758461016710 0.5403537154197693 8169
1758461018052 0.2646409571170807 8179
1758461019393 0.3686892092227936 8189
1758461020738 0.8062729239463806 8199
1758461022085 0.3458845913410187 8209
1758461023428 0.6455530524253845 8219
1758461024775 0.21943989396095276 8229
1758461026113 0.38921454548835754 8239
1758461027455 0.3216794431209564 8249
1758461028803 0.6342843174934387 8259
1758461030151 0.4913540184497833 8269
1758461031511 0.5489410161972046 8279
1758461032868 0.30078554153442383 8289
1758461034225 0.269382506608963 8299
1758461035581 0.3449079096317291 8309
1758461036939 0.7470095753669739 8319
1758461038295 0.5593134760856628 8329
1758461039660 0.1857072412967682 8339
1758461041028 0.2880628705024719 8349
1758461042368 0.32310420274734497 8359
1758461043714 0.19041071832180023 8369
1758461045054 0.39776667952537537 8379
1758461046404 0.27604201436042786 8389
1758461047767 0.5396744012832642 8399
1758461049116 0.4793493449687958 8409
1758461050462 0.30019038915634155 8419
1758461051807 0.43424463272094727 8429
1758461053150 0.23126569390296936 8439
1758461054501 0.3538259267807007 8449
1758461055846 0.33764567971229553 8459
1758461057190 0.4067881405353546 8469
1758461058541 0.4769631028175354 8479
1758461059902 0.2736123502254486 8489
1758461061260 0.6681734919548035 8499
1758461062617 0.24812906980514526 8509
1758461063974 0.37125253677368164 8519
1758461065321 0.3622311055660248 8529
1758461066667 0.4896779954433441 8539
1758461068018 0.8597456216812134 8549
1758461069377 0.3901427686214447 8559
1758461070729 0.19174014031887054 8569
1758461072076 0.3531469404697418 8579
1758461073422 0.2502773106098175 8589
1758461074763 0.6505268812179565 8599
1758461076109 0.25836092233657837 8609
1758461077558 0.5769890546798706 8619
1758461078927 0.6729159355163574 8629
1758461080295 0.4904964566230774 8639
1758461081716 0.4690794348716736 8649
1758461083065 0.33517345786094666 8659
1758461084411 0.4574488401412964 8669
1758461085751 0.3347835838794708 8679
1758461087099 0.3817417621612549 8689
1758461088445 0.5247805118560791 8699
1758461089799 0.37236014008522034 8709
1758461091148 0.4132932722568512 8719
1758461092499 0.3782937228679657 8729
1758461093851 0.4877104163169861 8739
1758461095204 0.2554645240306854 8749
1758461096552 0.43504124879837036 8759
1758461097906 0.30534040927886963 8769
1758461099258 0.24129784107208252 8779
1758461100614 0.43059974908828735 8789
1758461101963 0.35656511783599854 8799
1758461103334 0.4061134457588196 8809
1758461104697 0.22867892682552338 8819
1758461106070 0.5591742992401123 8829
1758461107437 0.30675941705703735 8839
1758461108859 0.16029590368270874 8849
1758461110282 0.293211430311203 8859
1758461111669 0.32015660405158997 8869
1758461113068 0.724930465221405 8879
1758461114446 0.39272263646125793 8889
1758461115817 0.4427226185798645 8899
1758461117205 0.4494841992855072 8909
1758461118591 0.30652254819869995 8919
1758461120030 0.37216830253601074 8929
1758461121398 0.2763814926147461 8939
1758461122753 0.3240625560283661 8949
1758461124111 0.258480042219162 8959
1758461125467 0.2831408977508545 8969
1758461126835 0.5403661131858826 8979
1758461128202 0.46794629096984863 8989
1758461129550 0.5568409562110901 8999
1758461130899 0.576231837272644 9009
1758461132269 0.2984335720539093 9019
1758461133628 0.38357362151145935 9029
1758461135003 0.34905195236206055 9039
1758461136454 0.5633001327514648 9049
1758461137853 0.2840345501899719 9059
1758461139262 0.3797483742237091 9069
1758461140645 0.41830751299858093 9079
1758461142055 0.26281964778900146 9089
1758461143428 0.365312784910202 9099
1758461144807 0.45774585008621216 9109
1758461146182 0.32165271043777466 9119
1758461147575 0.31339430809020996 9129
1758461148971 0.5215989947319031 9139
1758461150353 0.941825807094574 9149
1758461151733 0.3454776704311371 9159
1758461153107 0.26539307832717896 9169
1758461154488 0.4610408544540405 9179
1758461155881 0.7319726943969727 9189
1758461157296 0.39064711332321167 9199
1758461158692 0.4137516915798187 9209
1758461160102 0.4408959448337555 9219
1758461161495 0.4623439610004425 9229
1758461162873 0.3026895523071289 9239
1758461164230 0.43308112025260925 9249
1758461165582 0.5486169457435608 9259
1758461166944 0.3751576840877533 9269
1758461168315 0.3643242418766022 9279
1758461169679 0.25489887595176697 9289
1758461171081 0.40144091844558716 9299
1758461172484 0.2166723757982254 9309
1758461173853 0.39242011308670044 9319
1758461175215 0.4782605767250061 9329
1758461176582 0.6608163714408875 9339
1758461177948 0.39357900619506836 9349
1758461179319 0.41608068346977234 9359
1758461180686 0.16576415300369263 9369
1758461182061 0.5642508864402771 9379
1758461183432 0.29722070693969727 9389
1758461184810 0.27892419695854187 9399
1758461186185 0.3484257459640503 9409
1758461187561 0.6315749883651733 9419
1758461188934 0.497198224067688 9429
1758461190310 0.3462084233760834 9439
1758461191686 0.14817731082439423 9449
1758461193057 0.38937970995903015 9459
1758461194425 0.2593260109424591 9469
1758461195800 0.31306150555610657 9479
1758461197173 0.3406398296356201 9489
1758461198544 0.21802818775177002 9499
1758461199899 0.20057091116905212 9509
1758461201319 0.18456505239009857 9519
1758461202719 0.28088030219078064 9529
1758461204101 0.7266576290130615 9539
1758461205492 0.39171239733695984 9549
1758461206860 0.5360618829727173 9559
1758461208259 0.42620980739593506 9569
1758461209667 0.2940916121006012 9579
1758461211062 0.24714526534080505 9589
1758461212457 0.44975346326828003 9599
1758461213849 0.3199508488178253 9609
1758461215244 0.2652549147605896 9619
1758461216634 0.16672173142433167 9629
1758461218030 0.3745032548904419 9639
1758461219421 0.45418378710746765 9649
1758461220813 0.35922500491142273 9659
1758461222201 0.34478896856307983 9669
1758461223584 0.543577253818512 9679
1758461224969 0.19784407317638397 9689
1758461226350 0.6098212599754333 9699
1758461227735 0.5842211246490479 9709
1758461229119 0.3396121859550476 9719
1758461230501 0.3962623178958893 9729
1758461231886 0.40035659074783325 9739
1758461233266 0.37499794363975525 9749
1758461234649 0.32802581787109375 9759
1758461236036 0.7706461548805237 9769
1758461237426 0.4490872323513031 9779
1758461238812 0.3607790768146515 9789
1758461240203 0.27265143394470215 9799
1758461241593 0.47781339287757874 9809
1758461242984 0.33669930696487427 9819
1758461244381 0.5068503618240356 9829
1758461245781 0.3882163465023041 9839
1758461247187 0.5345218181610107 9849
1758461248564 0.39421311020851135 9859
1758461249938 0.2570013105869293 9869
1758461251321 0.5272770524024963 9879
1758461252704 0.23760050535202026 9889
1758461254087 0.2948400676250458 9899
1758461255467 0.21097064018249512 9909
1758461256845 0.4607761800289154 9919
1758461258218 0.4599720537662506 9929
1758461259532 0.7181396484375 9939
1758461273218 0.3744035065174103 9949
1758461274597 0.2284642457962036 9959
1758461275977 0.46937429904937744 9969
1758461277353 0.4009341597557068 9979
1758461278724 0.44769349694252014 9989
1758461280075 0.33186644315719604 9999
1758461281436 0.46245884895324707 10009
1758461282811 0.23616932332515717 10019
1758461284160 0.18674331903457642 10029
1758461285515 0.4064199924468994 10039
1758461286873 0.28378811478614807 10049
1758461288230 0.4417208433151245 10059
1758461289606 0.45228710770606995 10069
1758461290949 0.44108083844184875 10079
1758461292294 0.6311296820640564 10089
1758461293666 0.342469185590744 10099
1758461295037 0.4197675287723541 10109
1758461296444 0.20259955525398254 10119
1758461297883 0.41023704409599304 10129
1758461299248 0.4036920368671417 10139
1758461300614 0.20533505082130432 10149
1758461301979 0.4236219823360443 10159
1758461303343 0.6321955323219299 10169
1758461304707 0.2792931795120239 10179
1758461306063 0.3992229402065277 10189
1758461307418 0.41713327169418335 10199
1758461308769 0.18467195332050323 10209
1758461310117 0.35389193892478943 10219
1758461311463 0.38101255893707275 10229
1758461312801 0.48479411005973816 10239
1758461314144 0.635918915271759 10249
1758461315492 0.20850396156311035 10259
1758461316835 0.4074684679508209 10269
1758461318222 0.8493945002555847 10279
1758461319612 0.2809571325778961 10289
1758461320984 0.7080492377281189 10299
1758461322331 0.3067285716533661 10309
1758461323690 0.3929189443588257 10319
1758461325038 0.424250066280365 10329
1758461326400 0.39544790983200073 10339
1758461327751 0.4828796982765198 10349
1758461329104 0.1376880258321762 10359
1758461330453 0.42334821820259094 10369
1758461331809 0.283018559217453 10379
1758461333157 0.24468685686588287 10389
1758461334509 0.3977387547492981 10399
1758461335873 0.3686281740665436 10409
1758461337223 0.5029470920562744 10419
1758461338575 0.21064521372318268 10429
1758461339915 0.3056558072566986 10439
1758461341257 0.2679809629917145 10449
1758461342598 0.4846450984477997 10459
1758461343948 0.4630386233329773 10469
1758461345294 0.5328632593154907 10479
1758461346640 0.5288368463516235 10489
1758461347974 0.41355979442596436 10499
1758461349315 0.5122584104537964 10509
1758461350657 0.3340042233467102 10519
1758461352005 0.36914896965026855 10529
1758461353350 0.35273677110671997 10539
1758461354695 0.14962095022201538 10549
1758461356050 0.29872697591781616 10559
1758461357393 0.16595794260501862 10569
1758461358740 0.3820016086101532 10579
1758461360091 0.5847675800323486 10589
1758461361438 0.3254530727863312 10599
1758461362794 0.3668689429759979 10609
1758461364149 0.16652506589889526 10619
1758461365507 0.238174706697464 10629
1758461366879 0.6692997217178345 10639
1758461368225 0.3703608214855194 10649
1758461369559 0.5140514969825745 10659
1758461370926 0.2032240927219391 10669
1758461372279 0.54450923204422 10679
1758461373715 0.2672312557697296 10689
1758461375132 0.2930049002170563 10699
1758461376517 0.33288639783859253 10709
1758461377927 0.46230608224868774 10719
1758461379323 0.22971275448799133 10729
1758461380728 0.2597397267818451 10739
1758461382130 0.5062846541404724 10749
1758461383528 0.20274366438388824 10759
1758461384940 0.20948900282382965 10769
1758461386304 0.2167493849992752 10779
1758461387686 0.17066612839698792 10789
1758461389082 0.41167283058166504 10799
1758461390464 0.6151782870292664 10809
1758461391892 0.2491825819015503 10819
1758461393245 0.6010687947273254 10829
1758461394588 0.41487133502960205 10839
1758461395924 0.5118160247802734 10849
1758461397274 0.4512859284877777 10859
1758461398626 0.3389585614204407 10869
1758461399988 0.49302515387535095 10879
1758461401331 0.23132267594337463 10889
1758461402672 0.38979580998420715 10899
1758461404023 0.38013672828674316 10909
1758461405381 0.121760293841362 10919
1758461406737 0.3383997678756714 10929
1758461408097 0.395332396030426 10939
1758461409458 0.9334846138954163 10949
1758461410831 0.36269012093544006 10959
1758461412183 0.23044785857200623 10969
1758461413539 0.5602588653564453 10979
1758461414908 0.26097753643989563 10989
1758461416258 0.29875704646110535 10999
1758461417707 0.4326503872871399 11009
1758461419110 0.5249613523483276 11019
1758461420493 0.3956207036972046 11029
1758461421870 0.40175822377204895 11039
1758461423255 0.28547734022140503 11049
1758461424635 0.6131979823112488 11059
1758461425973 0.3346022963523865 11069
1758461427324 0.3240160644054413 11079
1758461428674 0.33609744906425476 11089
1758461430028 0.20452895760536194 11099
1758461431380 0.3187919557094574 11109
1758461432724 0.21582235395908356 11119
1758461434063 0.48126646876335144 11129
1758461435408 0.5380766987800598 11139
1758461436805 0.25886309146881104 11149
1758461438173 0.3749443292617798 11159
1758461439543 0.25940874218940735 11169
1758461440890 0.5108335614204407 11179
1758461442243 0.29962703585624695 11189
1758461443606 0.6351217031478882 11199
1758461444968 0.2794647514820099 11209
1758461446326 0.21574696898460388 11219
1758461447687 0.268034964799881 11229
1758461449048 0.324300080537796 11239
1758461450413 0.3260030746459961 11249
1758461451798 0.35086268186569214 11259
1758461453180 0.35157352685928345 11269
1758461454589 0.21806511282920837 11279
1758461455958 0.4101824462413788 11289
1758461457335 0.38169562816619873 11299
1758461458716 0.19576536118984222 11309
1758461460120 0.2546432912349701 11319
1758461461484 0.3401297330856323 11329
1758461462854 0.6166352033615112 11339
1758461464229 0.3992793560028076 11349
1758461465596 0.17555762827396393 11359
1758461466963 0.6119193434715271 11369
1758461468356 0.5307037830352783 11379
1758461469745 0.15593288838863373 11389
1758461471138 0.1028444841504097 11399
1758461472503 0.26343339681625366 11409
1758461473890 0.2800714373588562 11419
1758461475263 0.7153285145759583 11429
1758461476635 0.35990670323371887 11439
1758461478024 0.28557121753692627 11449
1758461479393 0.34022057056427 11459
1758461480761 0.24208299815654755 11469
1758461482131 0.21230144798755646 11479
1758461483517 0.45892053842544556 11489
1758461484894 0.27402785420417786 11499
1758461486257 0.5165729522705078 11509
1758461487617 0.296308696269989 11519
1758461488989 0.17081017792224884 11529
1758461490326 0.28709349036216736 11539
1758461491687 0.19340655207633972 11549
1758461493065 0.3080279231071472 11559
1758461494408 0.45102500915527344 11569
1758461495783 0.23945418000221252 11579
1758461497156 0.37176981568336487 11589
1758461498534 0.6699128746986389 11599
1758461499924 0.3040679395198822 11609
1758461501307 0.5486745238304138 11619
1758461502693 0.29681292176246643 11629
1758461504091 0.6221663355827332 11639
1758461505466 0.17482571303844452 11649
1758461506843 0.26039251685142517 11659
1758461508230 0.241654634475708 11669
1758461509624 0.2685735821723938 11679
1758461510996 0.3136872351169586 11689
1758461512343 0.2429613620042801 11699
1758461513706 0.5832237005233765 11709
1758461515087 0.28078964352607727 11719
1758461516462 0.39655986428260803 11729
1758461517837 0.4029163420200348 11739
1758461519225 0.2788741886615753 11749
1758461520592 0.5390141606330872 11759
1758461521957 0.16219770908355713 11769
1758461523330 0.21675927937030792 11779
1758461524694 0.42186638712882996 11789
1758461526059 0.21708370745182037 11799
1758461527449 0.5117629766464233 11809
1758461528841 0.15274251997470856 11819
1758461530192 0.30130383372306824 11829
1758461531538 0.2835264801979065 11839
1758461532885 0.42179903388023376 11849
1758461534248 0.2952359616756439 11859
1758461535632 0.6079704165458679 11869
1758461537008 0.5229076743125916 11879
1758461538384 0.25505080819129944 11889
1758461539762 0.3284693658351898 11899
1758461541134 0.7031143307685852 11909
1758461542508 0.33558765053749084 11919
1758461543857 0.47423672676086426 11929
1758461545231 0.29134610295295715 11939
1758461546608 0.5457117557525635 11949
1758461547963 0.38680803775787354 11959
1758461549337 0.21892020106315613 11969
1758461550717 0.38532787561416626 11979
1758461552084 0.2795603573322296 11989
1758461553440 0.23596318066120148 11999
1758461554801 0.2983474135398865 12009
1758461556173 0.5309050679206848 12019
1758461557551 0.2270069420337677 12029
1758461558923 0.56008380651474 12039
1758461560302 0.42885956168174744 12049
1758461561673 0.1695842146873474 12059
1758461563015 0.430912047624588 12069
1758461564380 0.3854328393936157 12079
1758461565734 0.21490563452243805 12089
1758461567091 0.291962206363678 12099
1758461568450 0.3036588132381439 12109
1758461569796 0.4817597568035126 12119
1758461571142 0.3686065673828125 12129
1758461572501 0.44038766622543335 12139
1758461573839 0.3981286287307739 12149
1758461575187 0.4164670407772064 12159
1758461576529 0.17707104980945587 12169
1758461577871 0.28498879075050354 12179
1758461579233 0.3099075257778168 12189
1758461580591 0.3580949604511261 12199
1758461581931 0.41556674242019653 12209
1758461583269 0.3531498908996582 12219
1758461584611 0.8569977879524231 12229
1758461585949 0.4578935205936432 12239
1758461587320 0.168374165892601 12249
1758461588696 0.30910271406173706 12259
1758461590066 0.15651202201843262 12269
1758461591415 0.23473799228668213 12279
1758461592781 0.3536219596862793 12289
1758461594156 0.16964009404182434 12299
1758461595526 0.35058489441871643 12309
1758461596864 0.3846723437309265 12319
1758461598201 0.3965164124965668 12329
1758461599539 0.373884916305542 12339
1758461600881 0.2798013985157013 12349
1758461602218 0.24230504035949707 12359
1758461603583 0.528449296951294 12369
1758461604927 0.6417698264122009 12379
1758461606283 0.37495261430740356 12389
1758461607710 0.31096720695495605 12399
1758461609137 0.4421673119068146 12409
1758461610517 0.2608910799026489 12419
1758461624039 0.11797775328159332 12429
1758461625420 0.10936275124549866 12439
1758461626794 0.32634031772613525 12449
1758461628176 0.48797544836997986 12459
1758461629561 0.37770727276802063 12469
1758461630914 0.1498274803161621 12479
1758461632262 0.48842984437942505 12489
1758461633648 0.22812704741954803 12499
1758461635029 0.2502712905406952 12509
1758461636424 0.2727556526660919 12519
1758461637806 0.3146064579486847 12529
1758461639188 0.29280921816825867 12539
1758461640558 0.25806862115859985 12549
1758461641934 0.33355438709259033 12559
1758461643315 0.4007631838321686 12569
1758461644693 0.23583756387233734 12579
1758461646043 0.2965800166130066 12589
1758461647426 0.4309437870979309 12599
1758461648769 0.6069058775901794 12609
1758461650135 0.38638290762901306 12619
1758461651499 0.15714024007320404 12629
1758461652860 0.47607818245887756 12639
1758461654203 0.18864868581295013 12649
1758461655565 0.18770872056484222 12659
1758461656929 0.33868688344955444 12669
1758461658306 0.3386823236942291 12679
1758461659655 0.36825060844421387 12689
1758461661006 0.4355619251728058 12699
1758461662348 0.30466827750205994 12709
1758461663720 0.2380598932504654 12719
1758461665079 0.26957646012306213 12729
1758461666456 0.22270385921001434 12739
1758461667821 0.24607312679290771 12749
1758461669191 0.23164579272270203 12759
1758461670587 0.32482796907424927 12769
1758461671954 0.3956661820411682 12779
1758461673319 0.4171472191810608 12789
1758461674699 0.44714710116386414 12799
1758461676099 0.30697745084762573 12809
1758461677463 0.6529759168624878 12819
1758461678853 0.23167580366134644 12829
1758461680254 0.34344661235809326 12839
1758461681647 0.6230255961418152 12849
1758461683019 0.28404000401496887 12859
1758461684433 0.17972342669963837 12869
1758461685804 0.11500827223062515 12879
1758461687170 0.3933832347393036 12889
1758461688566 0.3066232204437256 12899
1758461689941 0.2079394906759262 12909
1758461691290 0.41977906227111816 12919
1758461692663 0.2989790439605713 12929
